-0.074
0.492
0.123
0.260
0.334
0.345
0.357
0.349
0.407
0.186
0.366
0.311
0.257
0.189
0.199
0.152
0.056
-0.005
-0.066
0.042
0.035
-0.015
0.004
-0.019
-0.043
-0.039
-0.042
-0.013
-0.025
0.002
0.029
0.043
0.018
0.038
0.008
0.029
0.050
0.050
0.013
-0.043
-0.033
-0.034
-0.036
0.074
0.093
0.151
0.145
0.135
0.125
0.065
0.055
0.085
0.079
0.119
0.159
0.166
0.061
0.075
0.103
0.090
0.078
0.159
0.119
0.060
0.055
0.126
0.198
0.104
0.210
0.088
0.171
0.144
0.117
0.117
0.148
0.146
0.101
0.137
0.174
0.219
0.194
0.052
0.180
0.185
0.191
0.202
0.176
0.115
0.060
0.003
-0.054
-0.046
-0.045
-0.060
0.025
0.033
0.042
0.095
0.122
0.048
-0.197
-0.190
-0.183
-0.064
-0.169
-0.137
-0.114
-0.130
-0.146
0.019
0.014
0.104
0.030
0.038
0.047
0.043
0.041
0.108
0.212
0.105
-0.002
0.123
0.125
0.096
0.053
0.045
0.038
0.009
0.055
0.063
0.005
0.002
0.000
-0.055
-0.030
-0.015
-0.040
-0.035
-0.030
-0.030
0.062
0.096
0.090
0.057
