-0.074 0.179
0.492 0.044
0.123 0.159
0.26 0.194
0.334 0.244
0.345 0.287
0.357 0.33
0.349 0.358
0.407 0.275
0.186 0.265
0.366 0.262
0.311 0.258
0.257 0.254
0.189 0.261
0.199 0.085
0.152 0.056
0.056 0.103
-0.005 0.07
-0.066 0.038
0.042 0.039
0.035 0.043
-0.015 0.002
0.004 -0.018
-0.019 -0.044
-0.043 -0.071
-0.039 0.033
-0.042 -0.033
-0.013 -0.021
-0.025 0.017
0.002 0.019
0.029 0.021
0.043 0.001
0.018 -0.023
0.038 -0.018
0.008 -0.025
0.029 -0.02
0.05 -0.015
0.05 0.006
0.013 0.019
-0.043 0.025
-0.033 0.055
-0.034 0.047
-0.036 0.04
0.074 0.043
0.093 0.075
0.151 0.055
0.145 0.122
0.135 0.092
0.125 0.062
0.065 0.072
0.055 0.084
0.085 0.042
0.079 0.074
0.119 0.118
0.159 0.162
0.166 0.122
0.061 0.048
0.075 0.021
0.103 0.047
0.09 0.061
0.078 0.075
0.159 0.122
0.119 0.09
0.06 0.118
0.055 0.113
0.126 0.103
0.198 0.093
0.104 0.109
0.21 0.204
0.088 0.249
0.171 0.242
0.144 0.178
0.117 0.114
0.117 0.094
0.148 0.166
0.146 0.137
0.101 0.143
0.137 0.142
0.174 0.141
0.219 0.093
0.194 0.182
0.052 0.14
0.18 0.113
0.185 0.092
0.191 0.071
0.202 0.051
0.176 0.089
0.115 0.097
0.06 -0.067
0.003 -0.025
-0.054 0.017
-0.046 0.033
-0.045 0
-0.06 0.017
0.025 0.09
0.033 0.038
0.042 -0.013
0.095 -0.004
0.122 -0.02
0.048 -0.027
-0.197 0.005
-0.19 -0.002
-0.183 -0.01
-0.064 -0.029
-0.169 -0.037
-0.137 -0.08
-0.114 -0.009
-0.13 -0.009
-0.146 -0.01
0.019 0.05
0.014 0.068
0.104 0.068
0.03 0.095
0.038 0.044
0.047 -0.007
0.043 0.066
0.041 0.039
0.108 0.059
0.212 0.055
0.105 0.084
-0.002 0.114
0.123 0.051
0.125 0.074
0.096 0.088
0.053 0.042
0.045 0.057
0.038 0.073
0.009 0.098
0.055 0.107
0.063 0.092
0.005 0.14
0.002 0.133
0 0.126
-0.055 0.167
-0.03 0.103
-0.015 0.114
-0.04 0.109
-0.035 0.121
-0.03 0.133
-0.03 0.121
0.062 0.128
0.096 0.213
0.09 0.125
0.057 0.1