0.179
0.044
0.159
0.194
0.244
0.287
0.330
0.358
0.275
0.265
0.262
0.258
0.254
0.261
0.085
0.056
0.103
0.070
0.038
0.039
0.043
0.002
-0.018
-0.044
-0.071
0.033
-0.033
-0.021
0.017
0.019
0.021
0.001
-0.023
-0.018
-0.025
-0.020
-0.015
0.006
0.019
0.025
0.055
0.047
0.040
0.043
0.075
0.055
0.122
0.092
0.062
0.072
0.084
0.042
0.074
0.118
0.162
0.122
0.048
0.021
0.047
0.061
0.075
0.122
0.090
0.118
0.113
0.103
0.093
0.109
0.204
0.249
0.242
0.178
0.114
0.094
0.166
0.137
0.143
0.142
0.141
0.093
0.182
0.140
0.113
0.092
0.071
0.051
0.089
0.097
-0.067
-0.025
0.017
0.033
0.000
0.017
0.090
0.038
-0.013
-0.004
-0.020
-0.027
0.005
-0.002
-0.010
-0.029
-0.037
-0.080
-0.009
-0.009
-0.010
0.050
0.068
0.068
0.095
0.044
-0.007
0.066
0.039
0.059
0.055
0.084
0.114
0.051
0.074
0.088
0.042
0.057
0.073
0.098
0.107
0.092
0.140
0.133
0.126
0.167
0.103
0.114
0.109
0.121
0.133
0.121
0.128
0.213
0.125
0.100
